  0.643809259    
  0.266989172    
  0.740832984    
   4.03727889E-02
  0.769432425    
  0.937646866    
  0.551070333    
   7.44990706E-02
   9.06984806E-02
  0.257486403    
  0.260553300    
  0.351590931    
  0.132585227    
  0.706976175    
  0.417187214    
  0.424898028    
  0.761702478    
  0.263333440    
  0.127816200    
  0.757955790    
  0.677452564    
  0.654002190    
  0.263780653    
   1.14144087E-02
  0.720579207    
  0.646356225    
  0.716455579    
  0.495890975    
  0.163946092    
  0.169105411    
  0.854352355    
  0.824024796    
  0.478662908    
  0.461448431    
  0.105423570    
  0.639059603    
  0.760570347    
  0.516791523    
  0.722306073    
  0.562532783    
  0.460604131    
  0.949208677    
   6.42953515E-02
  0.536931038    
  0.441761792    
  0.386775196    
  0.842054784    
  0.582710207    
  0.949007571    
  0.638569951    
  0.721639574    
  0.592967570    
  0.953530073    
  0.606045365    
  0.370744050    
  0.208625674    
  0.700895727    
  0.579151869    
  0.894052684    
  0.954787552    
   6.66860342E-02
  0.188189268    
   4.56547737E-03
  0.828699648    
  0.697662830    
  0.354926586    
  0.286478519    
  0.135650337    
  0.536615968    
  0.335121691    
  0.279871643    
  0.786902130    
  0.917302132    
  0.613387704    
  0.606786489    
  0.601511300    
  0.679988444    
  0.103349209    
  0.750734210    
  0.250448108    
  0.942300260    
  0.357038677    
  0.490512073    
  0.726611078    
  0.584606647    
  0.276423395    
  0.910846472    
  0.405279279    
  0.571714044    
  0.569856703    
  0.817748189    
  0.853070378    
  0.845063090    
  0.777620614    
  0.742912292    
  0.198013008    
  0.732248425    
  0.657356799    
  0.539499223    
  0.676618755    
